##  关键词个数
"财经" : 30, "时政" : 50, "房产" : 30, "科技" : 50, "教育" : 50, "时尚" : 30, "游戏" : 20, "家居" : 30, "体育" : 50, "娱乐" : 30, 


## 训练结果
Precision, Recall and F1-Score...
              precision    recall  f1-score   support

          财经     0.9358    0.7290    0.8196      1000
          时政     0.6880    0.7300    0.7084      1000
          房产     0.8017    0.6790    0.7352      1000
          科技     0.9687    0.3090    0.4685      1000
          教育     0.8882    0.4050    0.5563      1000
          时尚     0.9643    0.7560    0.8475      1000
          游戏     0.4190    0.9540    0.5822      1000
          家居     0.7461    0.8550    0.7968      1000
          体育     0.7473    0.3430    0.4702      1000
          娱乐     0.3819    0.7150    0.4979      1000

    accuracy                         0.6475     10000
   macro avg     0.7541    0.6475    0.6483     10000
weighted avg     0.7541    0.6475    0.6483     10000

Confusion Matrix...
[[729  39  11   0   8   0   6  20   6 181]
 [ 12 730   8   0  27   0   7   3  21 192]
 [ 26 156 679   0   2   0   8  54   5  70]
 [  0   0   1 309   1   4 290 190   0 205]
 [  2 110 104   2 405  17  30   9  57 264]
 [  0   1   1   1   0 756  64   8  14 155]
 [  1   0   1   6   4   3 954   7   0  24]
 [  8  17  42   1   7   1  26 855   4  39]
 [  1   2   0   0   0   0 627   0 343  27]
 [  0   6   0   0   2   3 265   0   9 715]]


## 提交结果
用的是方法二的type=1
0.73753994361
