## 训练结果
Test Loss:  0.63,  Test Acc: 85.89%
Precision, Recall and F1-Score...
              precision    recall  f1-score   support

          财经     0.9533    0.9590    0.9561      1000
          时政     0.7040    0.9110    0.7942      1000
          房产     0.8137    0.6900    0.7468      1000
          科技     0.9636    0.8480    0.9021      1000
          教育     0.8852    0.5940    0.7110      1000
          时尚     0.9429    0.8590    0.8990      1000
          游戏     0.9530    0.9120    0.9320      1000
          家居     0.9190    0.8620    0.8896      1000
          体育     0.9511    0.9920    0.9711      1000
          娱乐     0.6625    0.9620    0.7847      1000

    accuracy                         0.8589     10000
   macro avg     0.8748    0.8589    0.8587     10000
weighted avg     0.8748    0.8589    0.8587     10000

Confusion Matrix...
[[959  19   6   0   1   0   0   0   0  15]
 [  7 911   4   1  47   0   1   0   6  23]
 [ 23 207 690   1   5   1   0  20   2  51]
 [  4   0   0 848   2  15  14  26   1  90]
 [  2 117 129   3 594  27   6   6  12 104]
 [  0   2   1   2   0 859   2  13   8 113]
 [  1   6   0  21   8   2 912  10   6  34]
 [ 10  25  18   2   9   4  11 862   1  58]
 [  0   1   0   0   1   0   4   0 992   2]
 [  0   6   0   2   4   3   7   1  15 962]]

## 方法
1.将训练集改为只要开头,只去掉了标点类停用词(可能还不全)
2.训练集不平衡:游戏3000+,体育700+,即将所有能区分的都加进入了训练集
3.预测用的是方法二的type=3
4.结果为0.78374571553
