## 训练结果
Test Loss:   1.1,  Test Acc: 67.21%
Precision, Recall and F1-Score...
              precision    recall  f1-score   support

          财经     0.9288    0.8220    0.8721      1000
          时政     0.6599    0.5180    0.5804      1000
          房产     0.7790    0.7260    0.7516      1000
          科技     0.9700    0.3880    0.5543      1000
          教育     0.8973    0.4370    0.5878      1000
          时尚     0.9323    0.8680    0.8990      1000
          游戏     0.3882    0.9270    0.5472      1000
          家居     0.8583    0.8300    0.8439      1000
          体育     0.9103    0.6190    0.7369      1000
          娱乐     0.3793    0.5860    0.4605      1000

    accuracy                         0.6721     10000
   macro avg     0.7703    0.6721    0.6834     10000
weighted avg     0.7703    0.6721    0.6834     10000

Confusion Matrix...
[[822  13  10   2   2   0  11   6   1 133]
 [ 37 518   9   0  35   0   6   3  15 377]
 [ 18 145 726   0   3   3  11  25   8  61]
 [  0   0   0 388   0   3 506  88   0  15]
 [  3  87 121   1 437  15  80   4  17 235]
 [  0   1   3   0   0 868  66   7  10  45]
 [  1   0   3   7   6   6 927   4   0  46]
 [  4  19  60   1   3   6  34 830   3  40]
 [  0   0   0   0   0   1 373   0 619   7]
 [  0   2   0   1   1  29 374   0   7 586]]

## 方法
0.73957657343
方法二的type=1
"财经" : 30, "时政" : 30, "房产" : 30, "科技" : 25, "教育" : 30, "时尚" : 30, "游戏" : 15, "家居" : 30, "体育" : 40, "娱乐" : 30, 
